image: /home/john/map.pgm
resolution: 0.050000
origin: [-33.699999, -15.400000, -nan]
negate: 0
occupied_thresh: 0.65
free_thresh: 0.196

